-
          id: 1
          points: [[388,370],[454,368],[412,329],[375,327]]
-
          id: 2
          points: [[479,368],[515,360],[480,322],[436,328]]
-
          id: 3
          points: [[547,360],[586,348],[534,314],[513,318]]
-
          id: 4
          points: [[616,350],[640,340],[597,316],[578,314]]
-
          id: 5
          points: [[659,342],[697,340],[647,310],[621,311]]
-
          id: 6
          points: [[307,474],[369,475],[350,432],[271,428]]
-
          id: 7
          points: [[487,473],[412,469],[400,432],[451,427]]
-
          id: 8
          points: [[635,465],[670,458],[630,392],[566,397]]
